01101100
01100101
01100100
00001101
00000000
00000000
00000000
00000000
00000000
00000000
00000000
00000000
00000000
00000000
00000000
00000000
01100010
01110101
01110100
01110100
01101111
01101110
00001101
00000000
00000000
00000000
00000000
00000000
00000000
00000000
00000000
00000000
01100010
01110101
01110100
01110100
01101111
01101110
01110011
00001101
00000000
00000000
00000000
00000000
00000000
00000000
00000000
00000000
01100001
01101101
01110000
01101100
01101001
01110100
01110101
01100100
01100101
00001101
00000000
00000000
00000000
00000000
00000000
00000000
